 400  0.019004
 401  0.019021
 402  0.019037
 403  0.019054
 404  0.019069
 405  0.019085
 406  0.019075
 407  0.019064
 408  0.019057
 409  0.019045
 410  0.019033
 411  0.019028
 412  0.019023
 413  0.019014
 414  0.019010
 415  0.019004
 416  0.018999
 417  0.018998
 418  0.018993
 419  0.018987
 420  0.018980
 421  0.018977
 422  0.018970
 423  0.018960
 424  0.018954
 425  0.018950
 426  0.018948
 427  0.018945
 428  0.018944
 429  0.018941
 430  0.018936
 431  0.018939
 432  0.018937
 433  0.018940
 434  0.018938
 435  0.018941
 436  0.018943
 437  0.018943
 438  0.018946
 439  0.018949
 440  0.018952
 441  0.018962
 442  0.018972
 443  0.018987
 444  0.018998
 445  0.019007
 446  0.019026
 447  0.019043
 448  0.019062
 449  0.019087
 450  0.019112
 451  0.019142
 452  0.019176
 453  0.019209
 454  0.019246
 455  0.019285
 456  0.019323
 457  0.019370
 458  0.019410
 459  0.019456
 460  0.019492
 461  0.019530
 462  0.019568
 463  0.019600
 464  0.019635
 465  0.019673
 466  0.019711
 467  0.019748
 468  0.019775
 469  0.019811
 470  0.019845
 471  0.019874
 472  0.019901
 473  0.019930
 474  0.019954
 475  0.019986
 476  0.020015
 477  0.020048
 478  0.020077
 479  0.020111
 480  0.020147
 481  0.020193
 482  0.020239
 483  0.020293
 484  0.020355
 485  0.020426
 486  0.020510
 487  0.020604
 488  0.020712
 489  0.020835
 490  0.020975
 491  0.021138
 492  0.021317
 493  0.021527
 494  0.021753
 495  0.022009
 496  0.022291
 497  0.022612
 498  0.022977
 499  0.023373
 500  0.023814
 501  0.024312
 502  0.024856
 503  0.025465
 504  0.026127
 505  0.026857
 506  0.027653
 507  0.028524
 508  0.029473
 509  0.030507
 510  0.031625
 511  0.032839
 512  0.034150
 513  0.035565
 514  0.037074
 515  0.038675
 516  0.040360
 517  0.042117
 518  0.043935
 519  0.045800
 520  0.047693
 521  0.049603
 522  0.051508
 523  0.053387
 524  0.055187
 525  0.056905
 526  0.058514
 527  0.059997
 528  0.061333
 529  0.062530
 530  0.063584
 531  0.064497
 532  0.065262
 533  0.065878
 534  0.066368
 535  0.066738
 536  0.066997
 537  0.067158
 538  0.067254
 539  0.067277
 540  0.067249
 541  0.067190
 542  0.067095
 543  0.067007
 544  0.066921
 545  0.066851
 546  0.066793
 547  0.066745
 548  0.066693
 549  0.066637
 550  0.066560
 551  0.066449
 552  0.066313
 553  0.066105
 554  0.065854
 555  0.065533
 556  0.065151
 557  0.064707
 558  0.064193
 559  0.063628
 560  0.063013
 561  0.062333
 562  0.061592
 563  0.060792
 564  0.059935
 565  0.059011
 566  0.058039
 567  0.057020
 568  0.055978
 569  0.054902
 570  0.053830
 571  0.052762
 572  0.051727
 573  0.050730
 574  0.049785
 575  0.048890
 576  0.048063
 577  0.047284
 578  0.046565
 579  0.045890
 580  0.045263
 581  0.044660
 582  0.044095
 583  0.043575
 584  0.043085
 585  0.042619
 586  0.042199
 587  0.041805
 588  0.041445
 589  0.041109
 590  0.040813
 591  0.040540
 592  0.040294
 593  0.040069
 594  0.039868
 595  0.039688
 596  0.039516
 597  0.039346
 598  0.039188
 599  0.039021
 600  0.038842
 601  0.038643
 602  0.038429
 603  0.038207
 604  0.037951
 605  0.037675
 606  0.037379
 607  0.037048
 608  0.036706
 609  0.036345
 610  0.035982
 611  0.035622
 612  0.035253
 613  0.034881
 614  0.034513
 615  0.034162
 616  0.033831
 617  0.033511
 618  0.033213
 619  0.032951
 620  0.032725
 621  0.032520
 622  0.032350
 623  0.032204
 624  0.032083
 625  0.031984
 626  0.031906
 627  0.031855
 628  0.031809
 629  0.031774
 630  0.031729
 631  0.031680
 632  0.031601
 633  0.031496
 634  0.031350
 635  0.031171
 636  0.030946
 637  0.030676
 638  0.030372
 639  0.030029
 640  0.029673
 641  0.029296
 642  0.028915
 643  0.028530
 644  0.028159
 645  0.027794
 646  0.027456
 647  0.027147
 648  0.026868
 649  0.026633
 650  0.026426
 651  0.026260
 652  0.026108
 653  0.025966
 654  0.025822
 655  0.025670
 656  0.025511
 657  0.025332
 658  0.025137
 659  0.024924
 660  0.024705
 661  0.024474
 662  0.024251
 663  0.024040
 664  0.023854
 665  0.023682
 666  0.023528
 667  0.023409
 668  0.023310
 669  0.023236
 670  0.023176
 671  0.023143
 672  0.023112
 673  0.023102
 674  0.023091
 675  0.023100
 676  0.023108
 677  0.023135
 678  0.023174
 679  0.023232
 680  0.023304
 681  0.023429
 682  0.023590
 683  0.023834
 684  0.024149
 685  0.024600
 686  0.025172
 687  0.025930
 688  0.026899
 689  0.028133
 690  0.029663
 691  0.031514
 692  0.033728
 693  0.036348
 694  0.039366
 695  0.042743
 696  0.046533
 697  0.050680
 698  0.055200
 699  0.059990
 700  0.065081
 701  0.070395
 702  0.075898
 703  0.081530
 704  0.087286
 705  0.093115
 706  0.099033
 707  0.105007
 708  0.111068
 709  0.117226
 710  0.123476
 711  0.129804
 712  0.136238
 713  0.142788
 714  0.149479
 715  0.156269
 716  0.163200
 717  0.170235
 718  0.177366
 719  0.184610
 720  0.191946
 721  0.199374
 722  0.206881
 723  0.214439
 724  0.222018
 725  0.229601
 726  0.237198
 727  0.244724
 728  0.252223
 729  0.259639
 730  0.266934
 731  0.274008
 732  0.280993
 733  0.287827
 734  0.294404
 735  0.300732
 736  0.306877
 737  0.312742
 738  0.318345
 739  0.323738
 740  0.328810
 741  0.333549
 742  0.338050
 743  0.342233
 744  0.346178
 745  0.349796
 746  0.353169
 747  0.356253
 748  0.359062
 749  0.361617
 750  0.363899
 751  0.366188
 752  0.368513
 753  0.370858
 754  0.373183
 755  0.375543
 756  0.377920
 757  0.380293
 758  0.382661
 759  0.385007
 760  0.387328
 761  0.389568
 762  0.391772
 763  0.393932
 764  0.396041
 765  0.398065
 766  0.399996
 767  0.401854
 768  0.403624
 769  0.405311
 770  0.406871
 771  0.408348
 772  0.409719
 773  0.410964
 774  0.412086
 775  0.413036
 776  0.413931
 777  0.414702
 778  0.415291
 779  0.415710
 780  0.415956
 781  0.416113
 782  0.416269
 783  0.416454
 784  0.416610
 785  0.416771
 786  0.416938
 787  0.417070
 788  0.417226
 789  0.417347
 790  0.417515
 791  0.417614
 792  0.417752
 793  0.417849
 794  0.417977
 795  0.418077
 796  0.418208
 797  0.418302
 798  0.418431
 799  0.418527
 800  0.418666
 801  0.418820
 802  0.418938
 803  0.419099
 804  0.419254
 805  0.419408
 806  0.419560
 807  0.419716
 808  0.419879
 809  0.420026
 810  0.420180
 811  0.420334
 812  0.420514
 813  0.420662
 814  0.420840
 815  0.420990
 816  0.421168
 817  0.421309
 818  0.421481
 819  0.421633
 820  0.421810
 821  0.421937
 822  0.422064
 823  0.422206
 824  0.422341
 825  0.422478
 826  0.422532
 827  0.422628
 828  0.422706
 829  0.422739
 830  0.422813
 831  0.422867
 832  0.422884
 833  0.422877
 834  0.422944
 835  0.423019
 836  0.423041
 837  0.423115
 838  0.423166
 839  0.423233
 840  0.423308
 841  0.423422
 842  0.423565
 843  0.423671
 844  0.423819
 845  0.423936
 846  0.424073
 847  0.424224
 848  0.424345
 849  0.424476
 850  0.424604
 851  0.424687
 852  0.424766
 853  0.424852
 854  0.424943
 855  0.425025
 856  0.425094
 857  0.425153
 858  0.425249
 859  0.425287
 860  0.425372
 861  0.425462
 862  0.425538
 863  0.425630
 864  0.425713
 865  0.425783
 866  0.425947
 867  0.426122
 868  0.426274
 869  0.426460
 870  0.426600
 871  0.426721
 872  0.426863
 873  0.427016
 874  0.427144
 875  0.427281
 876  0.427356
 877  0.427460
 878  0.427538
 879  0.427648
 880  0.427731
 881  0.427804
 882  0.427913
 883  0.428009
 884  0.428075
 885  0.428185
 886  0.428267
 887  0.428336
 888  0.428427
 889  0.428502
 890  0.428579
 891  0.428631
 892  0.428675
 893  0.428759
 894  0.428818
 895  0.428887
 896  0.428909
 897  0.428987
 898  0.429039
 899  0.429092
 900  0.429136
 901  0.429209
 902  0.429263
 903  0.429325
 904  0.429412
 905  0.429497
 906  0.429561
 907  0.429627
 908  0.429689
 909  0.429795
 910  0.429870
 911  0.429950
 912  0.429972
 913  0.430040
 914  0.430108
 915  0.430204
 916  0.430256
 917  0.430276
 918  0.430312
 919  0.430385
 920  0.430490
 921  0.430487
 922  0.430428
 923  0.430405
 924  0.430459
 925  0.430443
 926  0.430460
 927  0.430480
 928  0.430382
 929  0.430159
 930  0.430038
 931  0.429942
 932  0.429817
 933  0.429696
 934  0.429588
 935  0.429429
 936  0.429085
 937  0.428784
 938  0.428628
 939  0.428524
 940  0.428179
 941  0.427585
 942  0.427275
 943  0.427106
 944  0.426826
 945  0.426449
 946  0.426078
 947  0.425795
 948  0.425543
 949  0.424899
 950  0.423709
 951  0.422981
 952  0.422523
 953  0.421860
 954  0.421116
 955  0.420431
 956  0.419801
 957  0.419213
 958  0.418718
 959  0.418324
 960  0.417850
 961  0.417202
 962  0.416906
 963  0.416849
 964  0.416747
 965  0.416617
 966  0.416576
 967  0.416567
 968  0.416598
 969  0.416633
 970  0.416668
 971  0.416707
 972  0.416743
 973  0.416773
 974  0.416773
 975  0.416848
 976  0.416933
 977  0.417040
 978  0.417174
 979  0.417308
 980  0.417500
 981  0.417649
 982  0.417833
 983  0.417996
 984  0.418216
 985  0.418414
 986  0.418697
 987  0.418955
 988  0.419257
 989  0.419506
 990  0.419813
 991  0.420206
 992  0.420590
 993  0.420917
 994  0.421243
 995  0.421620
 996  0.421989
 997  0.422354
 998  0.422697
 999  0.423050
1000  0.423411
1001  0.423770
1002  0.424124
1003  0.424411
1004  0.424734
1005  0.425080
1006  0.425351
1007  0.425667
1008  0.425953
1009  0.426238
1010  0.426561
1011  0.426883
1012  0.427202
1013  0.427492
1014  0.427779
1015  0.428075
1016  0.428427
1017  0.428737
1018  0.429095
1019  0.429505
1020  0.429888
1021  0.430280
1022  0.430626
1023  0.430978
1024  0.431330
1025  0.431686
1026  0.432005
1027  0.432311
1028  0.432667
1029  0.433040
1030  0.433371
1031  0.433610
1032  0.433779
1033  0.434009
1034  0.434317
1035  0.434616
1036  0.434854
1037  0.435034
1038  0.435263
1039  0.435487
1040  0.435653
1041  0.435843
1042  0.436047
1043  0.436199
1044  0.436340
1045  0.436462
1046  0.436608
1047  0.436836
1048  0.437035
1049  0.437214
1050  0.437370
1051  0.437502
1052  0.437672
1053  0.437847
1054  0.438008
1055  0.438101
1056  0.438208
1057  0.438300
1058  0.438402
1059  0.438518
1060  0.438660
1061  0.438892
1062  0.439118
1063  0.439294
1064  0.439458
1065  0.439660
1066  0.439805
1067  0.439955
1068  0.440103
1069  0.440223
1070  0.440339
1071  0.440353
1072  0.440406
1073  0.440454
1074  0.440482
1075  0.440495
1076  0.440445
1077  0.440443
1078  0.440479
1079  0.440517
1080  0.440541
1081  0.440519
1082  0.440502
1083  0.440438
1084  0.440411
1085  0.440380
1086  0.440393
1087  0.440400
1088  0.440391
1089  0.440349
1090  0.440288
1091  0.440265
1092  0.440288
1093  0.440361
1094  0.440378
1095  0.440356
1096  0.440212
1097  0.440024
1098  0.439834
1099  0.439759
1100  0.439724
1101  0.439585
1102  0.439406
1103  0.439202
1104  0.439083
1105  0.438959
1106  0.438932
1107  0.438792
1108  0.438700
1109  0.438629
1110  0.438626
1111  0.438579
1112  0.438426
1113  0.438354
1114  0.438420
1115  0.438549
1116  0.438538
1117  0.438400
1118  0.438194
1119  0.438071
1120  0.437935
1121  0.437703
1122  0.437365
1123  0.437042
1124  0.436831
1125  0.436619
1126  0.436244
1127  0.435620
1128  0.434963
1129  0.434462
1130  0.433962
1131  0.433303
1132  0.432258
1133  0.431080
1134  0.430015
1135  0.429063
1136  0.428167
1137  0.427261
1138  0.426108
1139  0.424501
1140  0.422414
1141  0.420435
1142  0.418994
1143  0.417779
1144  0.416216
1145  0.414041
1146  0.411843
1147  0.410296
1148  0.409229
1149  0.408331
1150  0.407259
1151  0.405991
1152  0.404683
1153  0.403405
1154  0.402357
1155  0.401635
1156  0.401137
1157  0.400789
1158  0.400402
1159  0.400016
1160  0.399631
1161  0.399324
1162  0.399068
1163  0.399020
1164  0.399040
1165  0.399100
1166  0.398994
1167  0.398887
1168  0.398820
1169  0.398791
1170  0.398764
1171  0.398597
1172  0.398274
1173  0.397962
1174  0.397953
1175  0.398101
1176  0.398376
1177  0.398464
1178  0.398474
1179  0.398514
1180  0.398524
1181  0.398545
1182  0.398497
1183  0.398449
1184  0.398362
1185  0.398304
1186  0.398295
1187  0.398257
1188  0.398249
1189  0.398201
1190  0.398193
1191  0.398058
1192  0.397991
1193  0.397885
1194  0.397818
1195  0.397713
1196  0.397646
1197  0.397647
1198  0.397659
1199  0.397826
1200  0.398110
1201  0.398413
1202  0.398409
1203  0.398323
1204  0.398279
1205  0.398392
1206  0.398597
1207  0.398768
1208  0.398817
1209  0.398786
1210  0.398767
1211  0.398897
1212  0.398998
1213  0.399095
1214  0.399001
1215  0.398901
1216  0.398983
1217  0.399215
1218  0.399536
1219  0.399778
1220  0.399815
1221  0.399715
1222  0.399624
1223  0.399606
1224  0.399667
1225  0.399727
1226  0.399631
1227  0.399505
1228  0.399409
1229  0.399391
1230  0.399417
1231  0.399477
1232  0.399463
1233  0.399460
1234  0.399485
1235  0.399510
1236  0.399565
1237  0.399542
1238  0.399470
1239  0.399329
1240  0.399267
1241  0.399238
1242  0.399253
1243  0.399376
1244  0.399356
1245  0.399440
1246  0.399323
1247  0.399279
1248  0.399191
1249  0.399109
1250  0.399031
1251  0.398997
1252  0.398889
1253  0.398827
1254  0.398642
1255  0.398385
1256  0.398211
1257  0.398072
1258  0.397972
1259  0.397876
1260  0.397891
1261  0.397916
1262  0.397903
1263  0.397774
1264  0.397645
1265  0.397477
1266  0.397320
1267  0.397191
1268  0.397044
1269  0.396950
1270  0.396716
1271  0.396469
1272  0.396185
1273  0.395854
1274  0.395495
1275  0.395174
1276  0.394931
1277  0.394754
1278  0.394583
1279  0.394364
1280  0.394043
1281  0.393704
1282  0.393337
1283  0.392935
1284  0.392596
1285  0.392231
1286  0.391976
1287  0.391787
1288  0.391566
1289  0.391275
1290  0.391010
1291  0.390613
1292  0.390247
1293  0.389878
1294  0.389440
1295  0.388999
1296  0.388402
1297  0.387831
1298  0.387303
1299  0.386844
1300  0.386712
1301  0.385769
1302  0.385500
1303  0.385121
1304  0.384572
1305  0.384177
1306  0.383209
1307  0.382687
1308  0.381949
1309  0.381252
1310  0.380656
1311  0.380054
1312  0.379231
1313  0.378145
1314  0.377276
1315  0.376234
1316  0.375354
1317  0.374394
1318  0.373291
1319  0.372203
1320  0.370625
1321  0.369557
1322  0.368268
1323  0.367041
1324  0.366028
1325  0.365502
1326  0.364329
1327  0.362533
1328  0.360771
1329  0.359126
1330  0.358187
1331  0.357270
1332  0.356111
1333  0.354689
1334  0.352626
1335  0.350625
1336  0.348964
1337  0.347226
1338  0.345709
1339  0.344577
1340  0.343706
1341  0.342508
1342  0.340934
1343  0.339675
1344  0.337886
1345  0.335752
1346  0.333477
1347  0.331491
1348  0.329661
1349  0.328391
1350  0.326606
1351  0.325279
1352  0.323558
1353  0.322073
1354  0.320504
1355  0.319259
1356  0.317641
1357  0.316433
1358  0.315009
1359  0.314676
1360  0.314552
1361  0.313839
1362  0.312408
1363  0.310643
1364  0.309330
1365  0.307963
1366  0.306070
1367  0.304981
1368  0.303080
1369  0.300947
1370  0.298581
1371  0.295479
1372  0.292135
1373  0.289354
1374  0.285765
1375  0.281647
1376  0.278295
1377  0.274385
1378  0.270655
1379  0.266656
1380  0.263849
1381  0.258978
1382  0.253897
1383  0.248056
1384  0.243261
1385  0.236763
1386  0.230488
1387  0.224458
1388  0.217954
1389  0.213162
1390  0.206857
1391  0.201326
1392  0.195767
1393  0.190630
1394  0.184890
1395  0.180955
1396  0.176272
1397  0.171095
1398  0.166628
1399  0.162340
1400  0.158314
1401  0.154508
1402  0.150523
1403  0.147196
1404  0.144215
1405  0.141803
1406  0.138960
1407  0.136367
1408  0.133930
1409  0.131403
1410  0.129135
1411  0.127257
1412  0.125424
1413  0.123813
1414  0.122256
1415  0.120748
1416  0.119362
1417  0.118090
1418  0.116816
1419  0.115735
1420  0.114720
1421  0.113679
1422  0.112692
1423  0.111766
1424  0.110917
1425  0.109920
1426  0.109158
1427  0.108471
1428  0.107863
1429  0.107271
1430  0.106663
1431  0.106167
1432  0.105616
1433  0.105247
1434  0.104750
1435  0.104345
1436  0.103995
1437  0.103638
1438  0.103311
1439  0.103057
1440  0.102813
1441  0.102573
1442  0.102399
1443  0.102287
1444  0.102174
1445  0.102111
1446  0.102008
1447  0.101926
1448  0.101903
1449  0.101889
1450  0.101891
1451  0.101931
1452  0.101958
1453  0.101994
1454  0.102068
1455  0.102165
1456  0.102308
1457  0.102466
1458  0.102714
1459  0.102902
1460  0.103069
1461  0.103413
1462  0.103738
1463  0.104086
1464  0.104584
1465  0.105044
1466  0.105501
1467  0.106172
1468  0.106737
1469  0.107325
1470  0.108066
1471  0.108657
1472  0.109249
1473  0.110108
1474  0.110726
1475  0.111677
1476  0.112411
1477  0.113158
1478  0.113998
1479  0.114758
1480  0.115733
1481  0.116418
1482  0.117239
1483  0.117963
1484  0.118884
1485  0.119644
1486  0.120398
1487  0.121414
1488  0.122276
1489  0.123417
1490  0.124225
1491  0.125353
1492  0.126257
1493  0.127301
1494  0.128216
1495  0.129406
1496  0.130436
1497  0.131566
1498  0.132652
1499  0.133615
1500  0.134814
1501  0.135645
1502  0.136803
1503  0.137890
1504  0.139079
1505  0.140284
1506  0.141219
1507  0.142423
1508  0.143281
1509  0.144513
1510  0.145777
1511  0.146866
1512  0.148140
1513  0.149038
1514  0.150290
1515  0.151591
1516  0.152592
1517  0.153911
1518  0.155154
1519  0.156132
1520  0.157313
1521  0.158601
1522  0.159544
1523  0.160832
1524  0.162141
1525  0.163110
1526  0.164293
1527  0.165430
1528  0.166379
1529  0.167402
1530  0.168461
1531  0.169750
1532  0.170634
1533  0.171794
1534  0.172949
1535  0.174079
1536  0.175012
1537  0.176138
1538  0.177102
1539  0.178341
1540  0.179345
1541  0.180223
1542  0.181365
1543  0.182450
1544  0.183640
1545  0.184504
1546  0.185373
1547  0.186528
1548  0.187539
1549  0.188533
1550  0.189490
1551  0.190323
1552  0.191122
1553  0.192162
1554  0.193000
1555  0.193998
1556  0.195015
1557  0.195920
1558  0.196502
1559  0.197299
1560  0.198050
1561  0.198818
1562  0.199581
1563  0.200435
1564  0.201097
1565  0.201976
1566  0.202635
1567  0.203516
1568  0.204170
1569  0.204921
1570  0.205677
1571  0.206403
1572  0.207169
1573  0.207975
1574  0.208789
1575  0.209344
1576  0.210263
1577  0.210816
1578  0.211512
1579  0.212261
1580  0.212890
1581  0.213749
1582  0.214549
1583  0.215399
1584  0.216011
1585  0.216820
1586  0.217606
1587  0.218267
1588  0.218795
1589  0.219625
1590  0.220256
1591  0.221090
1592  0.221880
1593  0.222873
1594  0.223742
1595  0.224560
1596  0.224968
1597  0.225693
1598  0.226255
1599  0.227012
1600  0.227712
1601  0.228332
1602  0.228826
1603  0.229719
1604  0.230236
1605  0.230976
1606  0.231526
1607  0.232116
1608  0.232555
1609  0.233177
1610  0.233571
1611  0.234185
1612  0.234726
1613  0.235426
1614  0.235934
1615  0.236510
1616  0.236931
1617  0.237368
1618  0.237727
1619  0.238388
1620  0.238681
1621  0.239192
1622  0.239704
1623  0.240250
1624  0.240841
1625  0.241293
1626  0.241528
1627  0.242089
1628  0.242310
1629  0.242784
1630  0.243110
1631  0.243460
1632  0.243501
1633  0.244008
1634  0.244418
1635  0.244952
1636  0.245046
1637  0.245540
1638  0.245741
1639  0.246122
1640  0.246104
1641  0.246674
1642  0.246895
1643  0.247352
1644  0.247536
1645  0.247870
1646  0.248115
1647  0.248487
1648  0.248513
1649  0.249051
1650  0.249038
1651  0.249081
1652  0.248916
1653  0.249269
1654  0.248765
1655  0.248850
1656  0.248574
1657  0.248668
1658  0.248092
1659  0.247794
1660  0.247503
1661  0.247230
1662  0.246740
1663  0.246524
1664  0.246032
1665  0.245818
1666  0.245259
1667  0.244956
1668  0.244405
1669  0.244046
1670  0.244074
1671  0.245407
1672  0.244779
1673  0.244551
1674  0.244120
1675  0.243710
1676  0.243020
1677  0.242786
1678  0.242260
1679  0.241827
1680  0.241136
1681  0.240795
1682  0.240047
1683  0.239476
1684  0.239024
1685  0.238489
1686  0.237820
1687  0.237264
1688  0.236577
1689  0.236123
1690  0.235409
1691  0.235087
1692  0.234665
1693  0.234276
1694  0.233547
1695  0.233057
1696  0.232539
1697  0.232072
1698  0.231480
1699  0.230842
1700  0.230215
1701  0.229640
1702  0.228978
1703  0.228579
1704  0.228085
1705  0.227679
1706  0.227039
1707  0.226654
1708  0.225914
1709  0.225590
1710  0.225051
1711  0.224477
1712  0.223918
1713  0.223495
1714  0.222968
1715  0.222624
1716  0.222077
1717  0.221671
1718  0.221021
1719  0.220554
1720  0.219907
1721  0.219510
1722  0.219048
1723  0.218665
1724  0.218293
1725  0.217862
1726  0.217420
1727  0.217344
1728  0.217108
1729  0.216897
1730  0.216652
1731  0.216635
1732  0.216461
1733  0.216390
1734  0.216136
1735  0.216031
1736  0.216184
1737  0.216012
1738  0.215812
1739  0.215749
1740  0.215465
1741  0.215283
1742  0.215033
1743  0.214894
1744  0.214451
1745  0.213984
1746  0.213526
1747  0.213234
1748  0.212741
1749  0.212259
1750  0.211804
1751  0.211251
1752  0.210601
1753  0.210170
1754  0.209806
1755  0.209361
1756  0.208764
1757  0.208226
1758  0.207810
1759  0.207432
1760  0.206945
1761  0.206486
1762  0.206249
1763  0.205940
1764  0.205469
1765  0.205168
1766  0.204963
1767  0.204820
1768  0.204505
1769  0.204390
1770  0.204234
1771  0.204300
1772  0.204467
1773  0.204163
1774  0.204163
1775  0.204049
1776  0.204017
1777  0.204281
1778  0.204389
1779  0.204304
1780  0.204326
1781  0.204234
1782  0.204189
1783  0.203979
1784  0.203851
1785  0.203484
1786  0.203300
1787  0.203065
1788  0.203147
1789  0.203171
1790  0.203059
1791  0.203198
1792  0.203139
1793  0.203180
1794  0.203251
1795  0.203355
1796  0.203285
1797  0.203488
1798  0.203803
1799  0.203936
1800  0.203962
1801  0.204329
1802  0.204491
1803  0.204670
1804  0.204817
1805  0.205058
1806  0.205125
1807  0.205280
1808  0.205113
1809  0.205121
1810  0.205246
1811  0.205070
1812  0.204971
1813  0.205001
1814  0.205052
1815  0.205182
1816  0.205021
1817  0.205129
1818  0.205156
1819  0.205167
1820  0.205291
1821  0.205332
1822  0.205295
1823  0.205406
1824  0.205262
1825  0.205567
1826  0.205524
1827  0.205324
1828  0.204995
1829  0.204962
1830  0.204767
1831  0.204557
1832  0.203956
1833  0.203668
1834  0.203358
1835  0.202853
1836  0.202683
1837  0.202417
1838  0.201922
1839  0.201540
1840  0.201046
1841  0.200310
1842  0.199688
1843  0.198834
1844  0.198127
1845  0.197282
1846  0.196431
1847  0.195635
1848  0.194314
1849  0.193033
1850  0.191659
1851  0.190548
1852  0.188440
1853  0.186907
1854  0.185285
1855  0.183670
1856  0.181883
1857  0.179856
1858  0.177564
1859  0.175523
1860  0.173014
1861  0.170212
1862  0.165931
1863  0.162760
1864  0.159493
1865  0.156494
1866  0.152860
1867  0.149662
1868  0.145918
1869  0.142939
1870  0.137559
1871  0.133616
1872  0.129682
1873  0.125447
1874  0.121448
1875  0.116968
1876  0.112872
1877  0.106594
1878  0.102076
1879  0.097930
1880  0.093801
1881  0.089517
1882  0.085902
1883  0.080440
1884  0.076732
1885  0.073368
1886  0.070189
1887  0.066972
1888  0.063174
1889  0.060399
1890  0.057991
1891  0.055772
1892  0.053623
1893  0.051147
1894  0.049410
1895  0.047959
1896  0.046656
1897  0.045585
1898  0.044085
1899  0.043369
1900  0.043019
1901  0.042188
1902  0.041256
1903  0.040614
1904  0.040085
1905  0.039624
1906  0.039014
1907  0.038616
1908  0.038235
1909  0.037924
1910  0.037535
1911  0.037258
1912  0.037014
1913  0.036792
1914  0.036531
1915  0.036365
1916  0.036192
1917  0.036039
1918  0.035862
1919  0.035749
1920  0.035642
1921  0.035339
1922  0.035135
1923  0.034975
1924  0.034831
1925  0.034742
1926  0.034665
1927  0.034624
1928  0.034592
1929  0.034577
1930  0.034567
1931  0.034539
1932  0.034496
1933  0.034468
1934  0.034475
1935  0.034465
1936  0.034513
1937  0.034585
1938  0.034631
1939  0.034692
1940  0.034786
1941  0.034867
1942  0.034951
1943  0.035082
1944  0.035190
1945  0.035297
1946  0.035454
1947  0.035601
1948  0.035712
1949  0.035916
1950  0.036050
1951  0.036293
1952  0.036449
1953  0.036624
1954  0.036867
1955  0.037069
1956  0.037227
1957  0.037495
1958  0.037681
1959  0.037938
1960  0.038154
1961  0.038331
1962  0.038657
1963  0.038847
1964  0.039166
1965  0.039395
1966  0.039640
1967  0.039967
1968  0.040236
1969  0.040572
1970  0.040813
1971  0.041237
1972  0.041475
1973  0.041698
1974  0.042138
1975  0.042416
1976  0.042844
1977  0.043168
1978  0.043661
1979  0.043994
1980  0.044464
1981  0.044766
1982  0.045044
1983  0.045528
1984  0.045822
1985  0.046286
1986  0.046593
1987  0.047027
1988  0.047326
1989  0.047789
1990  0.048134
1991  0.048563
1992  0.048896
1993  0.049352
1994  0.049693
1995  0.050158
1996  0.050473
1997  0.050964
1998  0.051280
1999  0.051795
2000  0.052129
2001  0.052460
2002  0.052958
2003  0.053501
2004  0.053813
2005  0.054338
2006  0.054694
2007  0.055186
2008  0.055523
2009  0.056031
2010  0.056340
2011  0.056841
2012  0.057174
2013  0.057704
2014  0.058027
2015  0.058527
2016  0.058848
2017  0.059329
2018  0.059598
2019  0.060046
2020  0.060355
2021  0.060814
2022  0.061265
2023  0.061511
2024  0.061967
2025  0.062246
2026  0.062665
2027  0.062873
2028  0.063283
2029  0.063685
2030  0.063932
2031  0.064235
2032  0.064482
2033  0.064847
2034  0.065051
2035  0.065423
2036  0.065812
2037  0.065987
2038  0.066393
2039  0.066561
2040  0.066924
2041  0.067276
2042  0.067425
2043  0.067776
2044  0.067936
2045  0.068257
2046  0.068564
2047  0.068721
2048  0.069031
2049  0.069189
2050  0.069483
2051  0.069782
2052  0.069931
2053  0.070221
2054  0.070559
2055  0.070706
2056  0.071068
2057  0.071257
2058  0.071642
2059  0.072008
2060  0.072254
2061  0.072619
2062  0.072967
2063  0.073224
2064  0.073560
2065  0.073988
2066  0.074156
2067  0.074513
2068  0.074885
2069  0.075106
2070  0.075456
2071  0.075852
2072  0.076033
2073  0.076398
2074  0.076753
2075  0.077014
2076  0.077362
2077  0.077758
2078  0.077986
2079  0.078343
2080  0.078666
2081  0.078863
2082  0.079272
2083  0.079610
2084  0.079796
2085  0.080129
2086  0.080497
2087  0.080829
2088  0.081050
2089  0.081388
2090  0.081720
2091  0.081940
2092  0.082214
2093  0.082608
2094  0.082903
2095  0.083099
2096  0.083362
2097  0.083696
2098  0.083926
2099  0.084217
2100  0.084518
2101  0.084817
2102  0.084994
2103  0.085333
2104  0.085617
2105  0.085934
2106  0.086139
2107  0.086465
2108  0.086770
2109  0.087085
2110  0.087309
2111  0.087585
2112  0.087835
2113  0.088154
2114  0.088305
2115  0.088541
2116  0.088827
2117  0.089113
2118  0.089294
2119  0.089570
2120  0.089859
2121  0.090239
2122  0.090518
2123  0.090734
2124  0.091045
2125  0.091324
2126  0.091562
2127  0.091706
2128  0.091894
2129  0.092121
2130  0.092346
2131  0.092634
2132  0.092790
2133  0.093081
2134  0.093279
2135  0.093499
2136  0.093730
2137  0.093825
2138  0.093976
2139  0.094115
2140  0.094252
2141  0.094462
2142  0.094605
2143  0.094694
2144  0.094826
2145  0.095018
2146  0.095201
2147  0.095356
2148  0.095445
2149  0.095556
2150  0.095761
2151  0.095960
2152  0.096102
2153  0.096284
2154  0.096383
2155  0.096532
2156  0.096774
2157  0.096857
2158  0.097000
2159  0.097161
2160  0.097324
2161  0.097380
2162  0.097563
2163  0.097708
2164  0.097882
2165  0.098002
2166  0.098172
2167  0.098356
2168  0.098517
2169  0.098616
2170  0.098778
2171  0.098971
2172  0.099145
2173  0.099352
2174  0.099590
2175  0.099741
2176  0.099964
2177  0.100166
2178  0.100389
2179  0.100664
2180  0.100912
2181  0.100998
2182  0.101124
2183  0.101226
2184  0.101327
2185  0.101478
2186  0.101641
2187  0.101805
2188  0.102034
2189  0.102178
2190  0.102316
2191  0.102505
2192  0.102675
2193  0.102835
2194  0.102878
2195  0.102950
2196  0.103089
2197  0.103274
2198  0.103390
2199  0.103437
2200  0.103578
2201  0.103735
2202  0.103868
2203  0.104002
2204  0.104086
2205  0.104222
2206  0.104314
2207  0.104450
2208  0.104643
2209  0.104767
2210  0.104938
2211  0.105123
2212  0.105226
2213  0.105361
2214  0.105418
2215  0.105528
2216  0.105555
2217  0.105627
2218  0.105642
2219  0.105696
2220  0.105800
2221  0.105838
2222  0.105872
2223  0.105811
2224  0.105790
2225  0.105756
2226  0.105630
2227  0.105504
2228  0.105375
2229  0.105180
2230  0.104938
2231  0.104774
2232  0.104514
2233  0.104206
2234  0.103975
2235  0.103629
2236  0.103200
2237  0.102725
2238  0.102301
2239  0.101800
2240  0.101248
2241  0.100694
2242  0.100126
2243  0.099497
2244  0.098876
2245  0.098263
2246  0.097614
2247  0.097017
2248  0.096407
2249  0.095777
2250  0.095198
2251  0.094626
2252  0.094055
2253  0.093331
2254  0.092756
2255  0.092093
2256  0.091522
2257  0.090943
2258  0.090422
2259  0.089837
2260  0.089291
2261  0.088710
2262  0.088264
2263  0.087750
2264  0.087234
2265  0.086746
2266  0.086296
2267  0.085834
2268  0.085360
2269  0.084893
2270  0.084447
2271  0.084083
2272  0.083734
2273  0.083359
2274  0.082903
2275  0.082593
2276  0.082197
2277  0.081886
2278  0.081581
2279  0.081266
2280  0.081011
2281  0.080653
2282  0.080248
2283  0.079936
2284  0.079522
2285  0.079132
2286  0.078740
2287  0.078247
2288  0.077835
2289  0.077402
2290  0.076943
2291  0.076650
2292  0.076256
2293  0.075970
2294  0.075621
2295  0.075331
2296  0.074974
2297  0.074658
2298  0.074197
2299  0.073927
2300  0.073592
2301  0.073291
2302  0.072929
2303  0.072689
2304  0.072406
2305  0.072216
2306  0.071781
2307  0.071604
2308  0.071435
2309  0.071243
2310  0.071064
2311  0.070965
2312  0.070799
2313  0.070719
2314  0.070405
2315  0.070380
2316  0.070232
2317  0.070130
2318  0.070014
2319  0.069955
2320  0.069798
2321  0.069677
2322  0.069364
2323  0.069266
2324  0.069089
2325  0.068900
2326  0.068750
2327  0.068621
2328  0.068206
2329  0.068049
2330  0.067827
2331  0.067588
2332  0.067326
2333  0.067055
2334  0.066782
2335  0.066361
2336  0.066119
2337  0.065876
2338  0.065615
2339  0.065379
2340  0.064918
2341  0.064737
2342  0.064468
2343  0.064266
2344  0.064046
2345  0.063856
2346  0.063526
2347  0.063380
2348  0.063218
2349  0.063107
2350  0.062948
2351  0.062630
2352  0.062562
2353  0.062444
2354  0.062243
2355  0.062120
2356  0.062032
2357  0.061714
2358  0.061626
2359  0.061567
2360  0.061403
2361  0.061275
2362  0.060909
2363  0.060820
2364  0.060706
2365  0.060593
2366  0.060249
2367  0.060090
2368  0.059891
2369  0.059686
2370  0.059540
2371  0.059177
2372  0.059009
2373  0.058819
2374  0.058702
2375  0.058299
2376  0.058249
2377  0.058062
2378  0.057862
2379  0.057777
2380  0.057422
2381  0.057264
2382  0.057057
2383  0.056927
2384  0.056583
2385  0.056399
2386  0.056226
2387  0.056065
2388  0.055688
2389  0.055475
2390  0.055269
2391  0.055087
2392  0.054718
2393  0.054521
2394  0.054333
2395  0.054171
2396  0.053827
2397  0.053658
2398  0.053463
2399  0.053304
2400  0.052928
2401  0.052740
2402  0.052497
2403  0.052326
2404  0.051879
2405  0.051675
2406  0.051460
2407  0.051089
2408  0.050867
2409  0.050668
2410  0.050485
2411  0.050164
2412  0.049923
2413  0.049700
2414  0.049325
2415  0.049130
2416  0.048897
2417  0.048672
2418  0.048307
2419  0.048087
2420  0.047850
2421  0.047472
2422  0.047241
2423  0.047018
2424  0.046810
2425  0.046400
2426  0.046189
2427  0.045953
2428  0.045570
2429  0.045340
2430  0.045071
2431  0.044708
2432  0.044470
2433  0.044228
2434  0.044018
2435  0.043617
2436  0.043400
2437  0.043166
2438  0.042817
2439  0.042587
2440  0.042381
2441  0.042006
2442  0.041813
2443  0.041586
2444  0.041193
2445  0.040938
2446  0.040721
2447  0.040368
2448  0.040138
2449  0.039924
2450  0.039585
2451  0.039361
2452  0.039163
2453  0.038793
2454  0.038595
2455  0.038409
2456  0.038066
2457  0.037892
2458  0.037702
2459  0.037388
2460  0.037213
2461  0.037023
2462  0.036728
2463  0.036587
2464  0.036436
2465  0.036177
2466  0.036009
2467  0.035747
2468  0.035579
2469  0.035467
2470  0.035215
2471  0.035108
2472  0.034990
2473  0.034735
2474  0.034612
2475  0.034513
2476  0.034312
2477  0.034211
2478  0.034025
2479  0.033899
2480  0.033785
2481  0.033627
2482  0.033545
2483  0.033495
2484  0.033328
2485  0.033194
2486  0.032931
2487  0.032903
2488  0.032814
2489  0.032591
2490  0.032549
2491  0.032464
2492  0.032353
2493  0.032297
2494  0.032218
2495  0.032188
2496  0.032166
2497  0.032052
2498  0.032040
2499  0.031907
2500  0.031928
